5 赵子涵 1 3.90 计算机三级考试 0.80 555555
5 赵子涵 1 3.90 计算机三级考试 0.80 555555
5 赵子涵 1 3.90 计算机三级考试 0.80 555555
5 赵子涵 1 3.90 计算机三级考试 0.80 555555
5 赵子涵 1 3.90 计算机三级考试 0.80 555555
5 赵子涵 1 3.90 计算机三级考试 0.80 555555
5 赵子涵 1 3.90 计算机三级考试 0.80 555555
5 赵子涵 1 3.90 计算机三级考试 0.80 555555
2 陈菲菲 1 3.30 英语四级考试 0.50 222222
4 孙文静 1 3.60 普通话等级考试一级乙等 0.20 444444
4 孙文静 1 3.60 普通话等级考试一级乙等 0.20 444444
2 陈菲菲 1 3.30 英语四级考试 0.50 222222
4 孙文静 1 3.60 普通话等级考试一级乙等 0.20 444444
4 孙文静 1 3.60 普通话等级考试一级乙等 0.20 444444
2 陈菲菲 1 3.30 英语四级考试 0.50 222222
2 陈菲菲 1 3.30 英语四级考试 0.50 222222
4 孙文静 1 3.60 普通话等级考试一级乙等 0.20 444444
2 陈菲菲 1 3.30 英语四级考试 0.50 222222
2 陈菲菲 1 3.30 英语四级考试 0.50 222222
4 孙文静 1 3.60 普通话等级考试一级乙等 0.20 444444
2 陈菲菲 1 3.30 英语四级考试 0.50 222222
4 孙文静 1 3.60 普通话等级考试一级乙等 0.20 444444
4 孙文静 1 3.60 普通话等级考试一级乙等 0.20 444444
2 陈菲菲 1 3.30 英语四级考试 0.50 222222
3 顾小北 1 3.20 全国大学生数学竞赛二等奖 0.50 333333
3 顾小北 1 3.20 全国大学生数学竞赛二等奖 0.50 333333
3 顾小北 1 3.20 全国大学生数学竞赛二等奖 0.50 333333
3 顾小北 1 3.20 全国大学生数学竞赛二等奖 0.50 333333
3 顾小北 1 3.20 全国大学生数学竞赛二等奖 0.50 333333
3 顾小北 1 3.20 全国大学生数学竞赛二等奖 0.50 333333
3 顾小北 1 3.20 全国大学生数学竞赛二等奖 0.50 333333
3 顾小北 1 3.20 全国大学生数学竞赛二等奖 0.50 333333
